       0
       0
      59
       2
       2
       0
       0
       0
       0
       0
       0
       0
       1
       0
       0
       1
       0
       0
       1
       0
       1
       1
       0
       1
      33
     507
     551
     536
     579
     539
     553
     536
     573
     518
     583
     574
     590
     635
     634
     651
     651
     742
     759
     745
     705
     750
     784
     705
     686
     712
     651
     604
     700
     656
     607
     605
     612
     644
     649
     676
     659
     634
     753
     754
     737
     748
     753
     776
     776
     755
     833
     746
     849
     764
     775
     849
     846
     769
     811
     834
     783
     825
     782
     818
     828
     875
     843
     851
     877
     872
     920
     934
     947
     999
     995
     932
    1016
    1158
    1164
    1137
    1247
    1390
    1410
    1428
    1462
    1581
    1643
    1665
    1813
    1791
    1848
    1908
    1979
    2013
    1948
    1993
    2040
    2047
    2020
    2022
    2082
    1952
    1949
    1953
    1845
    1911
    1847
    1886
    1822
    1756
    1714
    1661
    1682
    1658
    1553
    1618
    1524
    1613
    1503
    1451
    1440
    1439
    1419
    1412
    1345
    1303
    1385
    1306
    1334
    1306
    1337
    1290
    1299
    1288
    1310
    1184
    1232
    1243
    1228
    1211
    1187
    1267
    1313
    1278
    1221
    1181
    1250
    1231
    1291
    1249
    1217
    1280
    1221
    1256
    1343
    1236
    1238
    1293
    1243
    1203
    1266
    1239
    1228
    1252
    1229
    1206
    1250
    1199
    1234
    1223
    1217
    1222
    1287
    1264
    1179
    1186
    1281
    1207
    1203
    1226
    1183
    1137
    1281
    1209
    1164
    1177
    1194
    1221
    1169
    1220
    1223
    1225
    1167
    1154
    1154
    1224
    1204
    1211
    1139
    1111
    1153
    1212
    1239
    1245
    1196
    1132
    1204
    1170
    1168
    1248
    1159
    1277
    1166
    1211
    1233
    1154
    1288
    1188
    1282
    1199
    1287
    1194
    1178
    1287
    1293
    1279
    1325
    1260
    1288
    1292
    1255
    1192
    1281
    1360
    1291
    1275
    1293
    1323
    1305
    1234
    1283
    1336
    1329
    1346
    1247
    1336
    1332
    1293
    1303
    1292
    1223
    1317
    1232
    1299
    1238
    1311
    1273
    1272
    1299
    1236
    1240
    1203
    1216
    1239
    1265
    1217
    1220
    1204
    1198
    1208
    1218
    1257
    1212
    1130
    1158
    1228
    1180
    1150
    1156
    1116
    1154
    1157
    1165
    1153
    1144
    1124
    1112
    1179
    1098
    1158
    1106
    1115
    1112
    1099
    1142
    1057
    1042
    1092
    1090
    1082
    1053
    1064
    1087
    1102
    1068
    1048
    1060
    1086
    1071
    1088
    1020
    1046
     981
    1028
     975
    1038
     981
    1034
     999
    1012
     965
     972
     998
    1030
    1039
    1005
     966
     962
    1021
    1025
     958
     929
    1004
     983
     970
     975
     967
     942
     939
     904
     947
     944
     904
     891
     922
     956
     950
     954
     861
     904
     931
     856
     922
     904
     894
     862
     912
     905
     858
     872
     892
     833
     884
     887
     860
     847
     862
     851
     886
     816
     817
     881
     841
     850
     853
     815
     779
     819
     804
     792
     840
     886
     820
     804
     874
     807
     823
     793
     768
     875
     847
     804
     807
     739
     793
     829
     757
     806
     823
     773
     799
     817
     728
     784
     722
     767
     759
     765
     745
     715
     753
     725
     736
     730
     732
     746
     725
     735
     689
     717
     737
     661
     707
     686
     691
     704
     654
     673
     674
     693
     705
     607
     607
     645
     677
     608
     593
     591
     573
     615
     608
     554
     594
     581
     599
     576
     597
     601
     522
     585
     521
     577
     568
     574
     547
     511
     512
     520
     491
     521
     541
     522
     461
     546
     491
     469
     494
     458
     501
     460
     479
     470
     482
     452
     471
     474
     451
     436
     441
     443
     453
     417
     402
     394
     439
     409
     434
     429
     415
     467
     399
     418
     392
     389
     392
     398
     372
     353
     363
     373
     377
     391
     381
     355
     397
     372
     376
     343
     368
     336
     363
     367
     336
     340
     329
     330
     350
     339
     323
     316
     354
     328
     328
     338
     335
     351
     352
     312
     305
     357
     318
     311
     323
     300
     301
     308
     304
     290
     320
     318
     329
     298
     320
     297
     279
     276
     329
     269
     289
     306
     296
     289
     303
     292
     310
     281
     262
     264
     289
     282
     288
     274
     283
     309
     261
     285
     320
     286
     283
     301
     296
     297
     310
     275
     283
     270
     279
     278
     290
     297
     298
     282
     293
     305
     318
     261
     279
     288
     295
     282
     303
     291
     285
     276
     284
     283
     285
     307
     278
     305
     301
     318
     306
     309
     308
     321
     348
     327
     347
     330
     344
     377
     384
     361
     380
     383
     398
     436
     403
     428
     466
     456
     464
     464
     498
     522
     523
     499
     552
     530
     523
     570
     589
     568
     597
     584
     616
     604
     644
     613
     692
     654
     677
     667
     734
     832
     715
     745
     759
     774
     817
     803
     832
     841
     882
     976
     944
     977
     936
     950
     958
     994
     985
    1008
    1063
    1055
    1115
    1087
    1130
    1095
    1229
    1140
    1163
    1186
    1256
    1261
    1324
    1264
    1296
    1370
    1433
    1470
    1485
    1452
    1471
    1539
    1527
    1564
    1620
    1577
    1689
    1618
    1646
    1735
    1773
    1732
    1735
    1790
    1701
    1784
    1876
    1809
    1795
    1850
    1828
    1862
    1909
    1881
    2003
    1895
    1911
    1850
    1877
    1903
    1889
    1918
    1957
    1938
    1844
    1866
    1780
    1775
    1789
    1820
    1786
    1744
    1768
    1738
    1704
    1737
    1644
    1609
    1629
    1545
    1542
    1577
    1425
    1451
    1437
    1428
    1361
    1337
    1314
    1281
    1255
    1229
    1180
    1153
    1126
    1043
     989
    1016
     971
     956
     886
     841
     818
     825
     757
     728
     755
     735
     658
     627
     595
     594
     540
     557
     544
     570
     489
     466
     520
     464
     402
     436
     393
     361
     383
     326
     359
     307
     311
     320
     251
     290
     273
     254
     228
     260
     252
     206
     267
     219
     216
     219
     196
     192
     199
     202
     216
     186
     177
     193
     183
     171
     158
     161
     179
     170
     161
     133
     163
     142
     155
     178
     170
     161
     160
     173
     133
     151
     137
     133
     156
     137
     155
     132
     146
     140
     147
     148
     151
     148
     141
     148
     158
     141
     147
     161
     139
     119
     130
     134
     161
     142
     141
     151
     138
     133
     135
     148
     139
     149
     141
     133
     130
     135
     142
     137
     150
     147
     147
     126
     146
     136
     141
     131
     122
     137
     138
     142
     134
     118
     144
     126
     131
     126
     114
     139
     131
     140
     129
     149
     164
     124
     113
     141
     126
     139
     140
     150
     123
     112
     130
     124
     137
     131
     124
     141
     136
     117
     132
     143
     109
     130
     137
     133
     137
     125
     137
     124
     119
     140
     135
     119
     110
     123
     133
     106
     136
     128
     145
     113
     141
     141
     121
     131
     130
     100
     125
     128
     120
     134
     127
     126
     144
     112
     120
     117
     120
     124
     137
     116
     117
     127
     117
     140
     138
     106
     123
     127
     135
     129
     117
     136
     132
     134
     121
     138
     125
     117
     117
     111
     134
     132
     108
     128
     118
     101
     137
     126
     117
     126
     126
     117
     128
     109
     117
     123
     114
     132
     117
     111
     126
     113
     125
     116
     122
     111
     118
     150
     124
     125
     101
     115
     134
     129
     120
     113
     122
     116
     124
     112
     106
     114
     134
      93
     113
     109
     130
     124
     111
     122
     127
     106
     113
     110
     128
     121
     123
      93
     130
     104
     121
     123
     136
     114
     130
     131
     126
     100
     122
     118
     117
     112
     133
     120
     121
     106
     126
     142
     123
     124
     137
     114
     115
     113
     117
     121
     124
     120
     124
     110
     109
     123
     131
     126
     136
     115
     124
     134
     132
     109
     129
     103
     114
     152
     110
     125
     128
     121
     123
      98
     121
     105
     119
     130
     152
     127
     112
     107
     102
     122
     111
     161
     138
     131
     111
     120
     126
     121
     103
     109
     120
     121
     111
     117
     106
     116
     106
     115
     108
     119
     109
     119
     111
     120
     114
     132
     124
     118
     102
     114
     121
     124
     127
     130
     127
     116
     131
     122
     111
     120
     126
     111
     120
     117
     128
     135
      99
     117
     109
     115
      89
     117
     132
     125
      99
      83
     122
     118
     109
     108
     109
     115
     116
     119
     110
     125
     126
     127
     120
     118
     118
     113
     134
     112
     111
     116
     128
     119
     134
     131
     113
     120
     128
     113
     130
     118
     120
     119
      92
     126
     111
     116
     116
     102
     120
     114
     130
     120
     107
     129
     130
     111
     128
     116
     109
     110
     136
     116
     111
     125
     124
     119
      96
     115
     126
     123
     121
     118
     101
     107
     116
     130
     118
     142
     131
     112
     121
     125
     109
     114
     140
     118
     120
     125
     112
     124
     142
     121
     127
     130
     122
     115
     108
     129
     109
     134
     121
     127
     135
     123
     115
     111
     105
     123
     137
     145
     137
     122
     130
     119
     129
     110
     117
     125
     155
     115
     128
     128
     119
     140
     102
     134
     112
     130
     134
     138
     125
     120
     146
     131
     122
     133
     116
     123
     121
     113
     132
     115
     145
     132
     123
     125
     110
     131
     123
     135
     129
     142
     114
     108
     130
     139
     117
     132
     133
     134
     130
     105
     124
     128
     143
     139
     119
     127
     129
     121
     127
     130
     147
     121
     117
     113
     107
     115
     127
     127
     119
     127
     120
     130
     136
     131
     134
     129
     137
     110
     112
     131
     109
     114
     123
     133
     112
     116
     118
     114
     143
     117
     126
     122
     113
     149
     101
     108
     127
     109
     144
      93
     126
     114
     109
     108
     134
     112
     123
      89
      99
     112
     115
     130
     110
     107
     102
     118
     117
      97
     118
     106
     105
     107
     106
     129
     107
     129
     111
     113
     104
     114
     102
     104
     103
     106
      96
     121
     102
     109
     117
     114
     105
     108
     101
      98
     116
      91
     106
     102
      97
     103
     104
     103
      91
      98
     114
      89
      83
     101
      93
     100
     105
      86
      91
      91
      97
      93
      83
      82
      83
      93
      97
      83
      85
      91
      98
      80
      79
      78
      90
      85
      87
     115
      86
      86
      78
      82
      85
      82
      88
      90
      75
      85
      87
      75
      76
      73
      87
      84
      93
      77
      63
      73
      88
      56
      74
      82
      99
      61
      84
      56
      71
      74
      64
      83
      67
      91
      74
      67
      68
      65
      56
      73
      60
      66
      66
      64
      58
      68
      63
      70
      59
      61
      72
      54
      58
      69
      61
      61
      70
      70
      67
      50
      50
      67
      59
      66
      58
      65
      62
      60
      56
      57
      56
      42
      51
      66
      59
      50
      62
      46
      54
      45
      59
      60
      56
      62
      55
      59
      60
      41
      57
      56
      53
      59
      57
      59
      55
      45
      52
      56
      48
      66
      60
      53
      50
      57
      61
      57
      55
      70
      51
      53
      47
      47
      61
      57
      67
      40
      42
      58
      65
      63
      64
      69
      56
      59
      57
      59
      43
      68
      68
      69
      65
      59
      59
      49
      50
      62
      68
      61
      49
      57
      44
      61
      61
      56
      59
      50
      48
      61
      80
      56
      70
      69
      73
      62
      59
      72
      94
      68
      64
      81
      67
      56
      74
      70
      69
      69
      77
      78
      64
      53
      74
      78
      65
      85
      78
      68
      71
      76
      68
      78
      72
      86
      66
      82
      85
      79
      69
     100
      83
      59
      75
      81
      77
      79
      75
      73
      88
      75
      84
      86
     105
      85
      82
      82
      75
      86
      80
      98
      85
      86
      91
      92
      95
      89
      92
     106
      90
      80
      97
      92
      77
      90
     106
      93
     107
     101
      91
     113
     101
      83
     108
     102
      94
     108
     107
     126
     117
     103
     121
     111
     112
     112
     110
      99
     117
     131
     119
     133
     120
     138
     131
     130
     141
     131
     123
     128
     136
     160
     137
     151
     137
     112
     150
     144
     131
     155
     192
     153
     165
     132
     162
     169
     147
     162
     153
     169
     158
     171
     177
     173
     180
     154
     155
     183
     159
     171
     186
     174
     189
     190
     172
     195
     205
     203
     205
     181
     198
     194
     179
     169
     177
     211
     181
     223
     202
     193
     201
     180
     233
     204
     201
     218
     218
     198
     220
     217
     216
     205
     195
     232
     240
     208
     221
     231
     225
     206
     211
     236
     198
     199
     218
     221
     220
     196
     209
     231
     192
     195
     213
     202
     209
     187
     186
     163
     184
     192
     216
     213
     218
     218
     214
     200
     185
     180
     207
     174
     186
     185
     201
     160
     174
     182
     183
     195
     186
     200
     174
     165
     166
     188
     173
     192
     159
     163
     167
     155
     138
     150
     150
     157
     157
     128
     131
     156
     140
     134
     133
     114
     152
     120
     137
     143
     121
     115
     125
     118
     135
     117
     117
     115
     127
     100
     107
     110
      83
      94
     102
     108
     100
      93
     102
      86
     103
      87
     108
      98
      70
      78
      79
      94
      88
      67
      80
      82
      71
      85
      66
      74
      64
      71
      62
      58
      61
      74
      64
      50
      66
      54
      65
      60
      45
      44
      48
      53
      50
      55
      46
      63
      50
      37
      46
      30
      46
      42
      49
      45
      31
      40
      39
      32
      43
      33
      37
      34
      41
      41
      35
      35
      28
      35
      37
      27
      31
      26
      33
      21
      27
      34
      32
      26
      28
      20
      35
      38
      34
      21
      17
      23
      32
      25
      30
      25
      24
      18
      22
      24
      25
      24
      18
      19
      28
      24
      24
      28
      25
      26
      17
      27
      25
      21
      22
      19
      25
      22
      23
      28
      26
      31
      32
      26
      27
      24
      24
      17
      21
      16
      25
      26
      25
      23
      33
      30
      22
      25
      35
      35
      26
      23
      28
      26
      28
      31
      35
      23
      15
      25
      40
      28
      33
      25
      24
      26
      26
      24
      24
      23
      33
      25
      29
      25
      19
      37
      37
      17
      20
      27
      30
      24
      36
      22
      32
      28
       0
       0
       0
       0
       0
       0
       0
       0
       0
       0
       0
       0
       0
       0
       0
       0
       0
       0
       0
       0
       0
       0
       0
       0
       0
       0
       0
       0
       0
       0
       0
       0

